103430
107524
108001
108372
113320
114640
118969
119906
121007
123794
130523
131614
136262
136806
136846
137726
138494
141335
145656
150649
155712
160209
167672
167799
168350
170538
171870
172993
174982
175448
176050
179886
183970
185214
185404
185584
186588
189601
190090
191896
197959
204948
210295
212396
213043
214027
214769
215951
216279
216938
218185
218286
220416
220629
221751
222770
223443
224012
226176
229701
229758
232189
232791
235125
236316
237123
239554
240946
241033
243336
247315
251040
257424
257550
264928
268221
271626
273365
274101
276957
280066
288579
295589
298555
301941
302575
302717
305154
308828
309419
309488
315752
316808
321541
323421
323623
324373
327961
328818
336576
337032
339429
339961
341870
346973
347302
350868
360222
360421
364403
364612
364850
371545
376852
381101
385291
389321
389521
395301
396346
402809
404956
413692
417410
417879
420719
422057
424560
428973
432933
436524
439453
443584
443805
447346
449310
456650
456823
464943
471664
471870
472857
476634
479010
480564
481457
482642
483143
486701
490181
490324
490878
491337
493654
494479
497532
501347
502800
505608
508146
509654
510465
511104
513330
514711
516442
516605
519668
525057
525281
526558
530925
533799
536109
540777
544847
548690
549587
550077
550654
550690
551475
552855
553295
556563
560969
564733
565029
567669
569453
569748
570210
574458
580421
581471
583392
583629
584746
589344
595729
597653
598710
600014
600902
604440
605018
613004
618672
618875
621892
622437
623831
631202
633804
636817
636881
638375
638999
639315
641247
641585
650503
658909
659752
660372
661845
662147
670463
675680
677040
678060
684945
691501
693900
699209
701672
703249
703739
704921
705477
706653
709530
710239
710567
711917
713824
717112
721965
729108
730231
736979
747349
751081
751794
751872
755016
755073
755309
763676
768690
769060
773722
774024
776145
777086
781819
784198
786888
792210
798424
799490
802278
804916
806356
807284
809318
810826
812857
813346
813472
817034
820707
822168
830319
830543
831855
833557
836214
836268
841306
841812
842426
843372
845807
855155
856858
857317
858677
859030
859112
859176
862074
865528
867898
868632
870658
872121
876501
878962
879873
889945
895096
898271
898932
908962
911817
915717
916595
918233
919979
920912
924851
926946
927475
927772
929204
930203
931489
931663
931845
934404
942335
950017
950194
954491
955326
957420
960572
961051
961753
961850
963368
967950
972585
973338
973689
974562
974644
974849
981407
983222
988197
988903
992063
992450
995004
996243
996312
998384